version https://git-lfs.github.com/spec/v1
oid sha256:6812ba870f9afe93df8ef9300cd4785b46a4f2f8a4fd8cba1703361ecbdbebdf
size 4174442
